name: DataScience4Wind
channels:
  - defaults
dependencies:
  - blas=1.0=mkl
  - bzip2=1.0.8=h2bbff1b_6
  - ca-certificates=2026.5.14=haa95532_0
  - cairo=1.18.4=he9e932c_0
  - contourpy=1.3.3=py313h214f63a_0
  - cycler=0.12.1=py313haa95532_0
  - expat=2.8.1=hd7fb8db_0
  - fontconfig=2.15.0=hd211d86_0
  - fonttools=4.63.0=py313h1c6eee0_0
  - freetype=2.14.1=hfbffc0b_0
  - graphite2=1.3.15=h781baf4_0
  - harfbuzz=12.3.0=h807c389_2
  - icu=78.3=h99bb849_0
  - intel-openmp=2025.0.0=haa95532_1165
  - jpeg=9f=ha349fce_0
  - kiwisolver=1.4.9=py313h03f52e7_0
  - lcms2=2.16=hb4a4139_0
  - lerc=3.0=hd77b12b_0
  - libdeflate=1.17=h2bbff1b_1
  - libexpat=2.8.1=hd7fb8db_0
  - libffi=3.4.8=h2b21627_2
  - libglib=2.86.3=h9bccc14_0
  - libhwloc=2.12.1=default_hfa10c62_1000
  - libiconv=1.18=hc89ec93_0
  - libkrb5=1.22.1=h3d06f0e_1
  - libmpdec=4.0.0=h827c3e9_0
  - libpng=1.6.56=h2854ad3_0
  - libpq=17.9=hb13705e_1
  - libtiff=4.5.1=hd77b12b_0
  - libwebp-base=1.6.0=hbf3958f_0
  - libxml2=2.13.9=h6201b9f_0
  - libzlib=1.3.2=h1c6eee0_0
  - lz4-c=1.9.4=h2bbff1b_1
  - matplotlib=3.10.9=py313haa95532_0
  - matplotlib-base=3.10.9=py313h330ff07_0
  - mkl=2025.0.0=h585ebfc_931
  - mkl-service=2.5.2=py313h0b37514_0
  - mkl_fft=2.2.0=py313h18b77b3_0
  - mkl_random=1.3.0=py313h42c1672_0
  - mysql-common=9.3.0=h0b12ad4_6
  - mysql-libs=9.3.0=h08a8c37_6
  - numpy=2.4.6=py313h9606935_0
  - numpy-base=2.4.6=py313h89dd80d_0
  - openjpeg=2.5.2=hae555c5_0
  - openssl=3.5.7=hbb43b14_0
  - packaging=26.0=py313haa95532_0
  - pcre2=10.46=h5740b90_0
  - pillow=11.1.0=py313h096bfcc_0
  - pip=26.1.1=pyhc872135_1
  - pixman=0.46.4=h4043f72_0
  - pyparsing=3.2.5=py313haa95532_0
  - pyqt=6.11.0=py313hd742356_0
  - pyqt6-sip=13.11.1=py313h630b2a1_0
  - python=3.13.13=h39c999c_100_cp313
  - python-dateutil=2.9.0post0=py313haa95532_2
  - python_abi=3.13=3_cp313
  - qtbase=6.11.0=h457f640_1
  - qtdeclarative=6.11.0=hf3b05e6_0
  - qtsvg=6.11.0=h983b9f1_0
  - qttools=6.11.0=h52f66dc_0
  - qtwebchannel=6.11.0=h8aacb71_0
  - qtwebsockets=6.11.0=he85b0c8_0
  - scipy=1.17.1=py313h97a0a95_1
  - setuptools=82.0.1=py313haa95532_0
  - sip=6.15.1=py313h9561cc3_0
  - six=1.17.0=py313haa95532_0
  - sqlite=3.53.2=hee5a0db_0
  - tbb=2022.3.0=h90c84d6_0
  - tbb-devel=2022.3.0=h90c84d6_0
  - tk=8.6.15=hf199647_0
  - tornado=6.5.5=py313h1c6eee0_0
  - tzdata=2026b=he532380_0
  - ucrt=10.0.22621.0=haa95532_0
  - vc=14.3=h2df5915_12
  - vc14_runtime=14.44.35208=h4927774_12
  - vs2015_runtime=14.44.35208=ha6b5a95_12
  - wheel=0.46.3=py313haa95532_0
  - xz=5.8.2=h53af0af_0
  - zlib=1.3.2=h1c6eee0_0
  - zstd=1.5.7=h56299aa_0
prefix: C:\Users\unai.gutierrez\AppData\Local\miniconda3\envs\DataScience4Wind
